6,000000 1,000000 0,670000 3,217000 7,569000 0,955000 21,000000 1,685000 65,000000
8,000000 2,000000 1,040000 5,382000 11,426000 1,690000 35,000000 1,587000 84,000000
9,000000 1,000000 0,676000 3,250000 6,711000 0,949000 16,000000 1,254000 43,000000
13,000000 2,000000 0,952000 4,291000 4,838000 0,587000 31,000000 1,101000 31,000000
7,000000 2,000000 0,523000 2,943000 10,207000 0,898000 13,000000 1,067000 28,000000
9,000000 3,000000 0,747000 3,876000 10,732000 1,507000 27,000000 1,752000 59,000000
9,000000 2,000000 0,580000 2,927000 8,909000 1,361000 14,000000 1,199000 50,000000
7,000000 2,000000 0,795000 3,054000 7,637000 0,930000 14,000000 1,335000 44,000000
16,000000 2,000000 0,604000 3,021000 8,783000 0,892000 16,000000 1,918000 47,000000
7,000000 1,000000 0,783000 3,487000 15,053000 1,000000 18,000000 1,266000 47,000000
7,000000 2,000000 0,505000 3,221000 8,257000 1,047000 21,000000 1,288000 42,000000
6,000000 1,000000 0,550000 3,731000 9,070000 1,165000 52,000000 1,562000 59,000000
7,000000 1,000000 0,510000 2,947000 8,840000 1,066000 23,000000 1,366000 44,000000
8,000000 2,000000 0,817000 3,881000 11,496000 3,707000 54,000000 1,857000 63,000000
6,000000 2,000000 0,540000 2,909000 9,929000 1,231000 25,000000 1,358000 46,000000
7,000000 2,000000 0,530000 3,803000 9,088000 1,176000 24,000000 1,587000 64,000000
8,000000 2,000000 0,512000 2,918000 8,677000 1,020000 18,000000 4,513000 53,000000
7,000000 2,000000 0,730000 3,526000 12,502000 1,335000 16,000000 1,623000 66,000000
6,000000 2,000000 0,508000 2,936000 8,662000 0,960000 12,000000 1,039000 33,000000
7,000000 2,000000 0,901000 4,317000 6,431000 1,335000 24,000000 1,859000 65,000000
6,000000 2,000000 0,521000 2,919000 11,308000 0,966000 22,000000 1,436000 47,000000
9,000000 3,000000 0,658000 3,547000 12,516000 2,010000 22,000000 1,825000 63,000000
6,000000 2,000000 0,547000 2,984000 8,621000 1,283000 26,000000 1,401000 60,000000
7,000000 2,000000 0,852000 3,328000 8,547000 1,161000 20,000000 2,042000 60,000000
10,000000 2,000000 0,618000 3,019000 7,603000 1,201000 18,000000 1,189000 40,000000
7,000000 1,000000 0,783000 4,155000 13,352000 1,328000 26,000000 1,585000 60,000000
8,000000 2,000000 0,517000 2,954000 8,567000 1,251000 20,000000 1,354000 34,000000
8,000000 2,000000 0,949000 4,602000 8,651000 1,739000 25,000000 3,005000 31,000000
7,000000 1,000000 0,688000 3,945000 8,812000 1,108000 64,000000 1,404000 60,000000
11,000000 2,000000 0,795000 4,694000 9,786000 1,348000 25,000000 1,603000 57,000000
6,000000 1,000000 0,515000 3,176000 8,846000 0,775000 13,000000 1,127000 46,000000
6,000000 1,000000 0,788000 3,007000 10,301000 0,829000 6,000000 1,541000 49,000000
8,000000 2,000000 0,507000 3,062000 8,888000 1,003000 18,000000 3,357000 72,000000
7,000000 2,000000 0,628000 3,799000 13,435000 1,814000 26,000000 1,719000 64,000000
7,000000 1,000000 0,554000 3,208000 6,144000 1,097000 16,000000 1,587000 48,000000
7,000000 2,000000 0,535000 2,922000 9,345000 1,167000 29,000000 1,674000 57,000000
8,000000 2,000000 0,569000 2,972000 8,426000 1,141000 22,000000 1,279000 32,000000
6,000000 1,000000 0,788000 3,536000 11,837000 1,432000 28,000000 1,705000 58,000000
6,000000 1,000000 0,548000 3,158000 8,629000 1,133000 16,000000 1,352000 57,000000
7,000000 2,000000 0,510000 3,117000 8,774000 1,211000 25,000000 1,674000 58,000000
8,000000 1,000000 0,575000 3,161000 7,850000 1,226000 19,000000 1,823000 57,000000
9,000000 2,000000 0,814000 3,685000 12,333000 2,467000 58,000000 1,908000 67,000000
6,000000 2,000000 0,507000 3,011000 7,630000 1,258000 23,000000 1,276000 60,000000
6,000000 1,000000 0,990000 4,427000 10,355000 0,966000 18,000000 1,295000 44,000000
8,000000 2,000000 0,693000 3,349000 6,063000 0,727000 13,000000 4,056000 46,000000
9,000000 3,000000 0,801000 4,350000 12,028000 1,322000 21,000000 1,560000 58,000000
7,000000 2,000000 0,523000 2,938000 11,356000 1,103000 22,000000 1,880000 48,000000
8,000000 2,000000 1,013000 4,477000 10,614000 1,642000 29,000000 8,406000 60,000000
